79464412
K0D-676
300 0
1  3

16552775
S7E-946
300 18
2  3

20864087
O5L-856
1000 716
2  6

94326707
U3F-754
1000 0
2  8

73786035
O4X-500
300 4.5
2  3

31193794
T3B-722
1200 225.25
2  6

96659352
T1K-210
1000 488
2  6

57690875
O7D-970
1000 391
3  8

69975105
N5J-515
300 275
1  3

54761731
K6X-977
1200 528.5
3  6

67418025
W9Y-717
1000 399.6
3  8

77642521
W8F-397
1000 453.2
3  6

35584593
I0K-077
1000 425
3  6

43053402
L3N-150
400 370
1  3

84165595
J0Q-121
1000 250
3  6

89298238
E6T-667
1500 723
3  8

71984468
J7Y-327
300 222
1  3

29847168
H7P-047
1500 0.6
3  6

79475585
W6Z-142
300 255
2  1

91897732
C3A-423
1000 367
3  6

33397650
H6H-085
1000 34.8
3  6

83236386
O3T-110
300 267.7
2  1

32821689
I0E-459
300 30
1  2

45783712
H8M-598
300 260
1  2

48184351
W2L-827
1000 95
3  8

33713901
L4B-291
400 332.2
2  2

76388967
J2F-853
1000 965
3  6

81114108
W7R-114
1000 531.6
3  6

57263719
J2K-636
300 300
2  1

79140840
T9L-709
1000 137.3
3  8

71378466
J8D-125
1000 353.6
3  6

17913944
F1H-328
300 257.4
1  1

62566305
C4O-436
1000 308
3  8

46462527
R8O-904
1000 353
3  6

79420973
L2H-207
1000 305
3  6

22777006
M8Q-758
300 290
1  2

43877279
K5K-595
1000 630
3  6

73535476
W3T-571
300 168.5
1  3

26976877
B7V-643
1000 629.5
3  6

78078115
P7I-760
1000 760
3  6

48467976
A6D-661
300 200
1  1

41036366
H1W-140
1000 241
3  6

31611146
S1D-093
300 271
1  1

64394265
U5N-536
300 163.5
1  1

50365593
G6I-762
1000 559.9
3  6

95751208
A8J-929
300 147
1  2

79372768
P2Q-870
1000 113
3  6

27912250
M0X-657
1000 453
3  8

60574154
J2M-606
1000 400
3  6

35565959
L8A-167
1000 460
3  8

80048864
H2K-127
1000 166.8
3  6

96258632
Y9F-491
1200 370
3  8

94080926
D6W-048
1000 420
3  8

42157219
T7F-869
1000 132.5
3  6

86241107
L3W-411
1000 245
3  6

26290971
V9J-051
300 136
1  2

22280452
U5L-205
1200 116.5
3  8

90365520
M4Z-108
1000 157
3  8

40348917
M8W-853
1000 525
3  8

95161027
B4R-105
1000 213
3  6

77191257
I0Y-720
1000 659
3  6

62324793
P5B-640
1000 594
3  6

16151792
L6Z-161
300 286
1  2

66409237
Y4Y-028
300 268
2  2

63437380
K1F-766
1000 362
3  6

95015539
F1F-571
1200 4
3  6

25171011
M7F-612
1000 484
3  6

90237332
L6D-758
1000 444.5
3  6

87800799
N4J-043
1000 634.25
3  6

38637282
X8U-894
1000 7.7
3  6

15561764
N9Q-814
300 236
1  2

45877001
A7Y-833
1000 55.2
3  6

87813843
E1N-544
1500 428
3  6

78757121
T0V-569
1000 347.4
3  6

53166028
P7T-999
1000 39.5
3  6

15210391
I5K-310
1000 134
3  6

89429489
S6Y-726
1000 495.25
3  6

43488351
T5L-371
1000 690
3  8

73185299
L4O-783
1000 457.5
3  6

36380447
D2V-055
1000 11.1
3  6

97403853
I0W-872
1000 187
3  8

13245501
U6A-456
300 294.75
2  2

89148118
R8H-409
1000 710
3  8

93845419
S4J-282
1000 358
3  8

19829266
E1J-798
1000 70
3  6

26233063
W1S-239
1000 217.7
3  8

78922174
P6I-223
1200 745
3  8

42798099
N5Y-450
1000 485.5
3  6

79901434
D6F-465
1000 158.1
3  6

50375303
D5W-953
1200 809.6
3  6

55552996
G0F-080
1000 566.5
3  6

45828535
C0G-556
1200 720
3  6

44229880
V4I-691
1200 239
3  6

59162728
C2S-070
1000 200
3  6

88995291
V7P-711
400 18.6
2  2

73914283
F3E-797
1000 280
3  6

44679500
R7U-941
300 3
2  2

59407188
D9A-711
300 101.5
2  3

27635082
O8J-848
1000 0
3  6

54716824
V9F-655
1000 302
3  6

40112594
T8Y-354
300 271.2
2  3

37110873
R0P-255
1000 289.4
3  6

83505958
P7E-145
1000 41
3  6

85871751
E3U-231
1000 100
3  6

11602775
D8R-235
1000 945
3  6

86402303
H6X-124
1000 360
3  8

23928045
H8S-849
300 267
2  3

12663268
U0T-459
1500 554
3  8

42928709
R5C-239
1000 746.5
3  8

85949265
N2C-590
1000 453
3  8

17972674
B4I-014
1000 8.6
3  6

38913831
C0S-417
300 216
1  3

36008913
T9A-930
1000 30
2  6

49087435
I1D-713
1200 282.6
2  6

58187172
O4X-603
1000 12.5
2  6

69324480
S9I-160
300 300
1  3

32565207
D7L-648
1000 575
2  8

71463316
N1O-921
300 240.1
1  2

86828079
W1C-444
300 23
1  1

29337157
M1E-751
300 144.5
1  1

32904023
T6W-978
400 286
1  2

28390487
I3A-223
300 4
1  2

98589725
H3E-885
1000 1
2  8

77484838
N0Z-560
1000 585.7
2  8

88956889
B3U-845
1000 347.3
2  8

89863424
Y9G-536
1000 513
2  6

99842319
N6D-256
300 101
1  2

98140264
Z4L-514
400 150
1  2

69639726
Q5S-871
300 10
2  3

93160528
E0I-722
300 281.6
2  3

24995742
X9D-758
1000 218
2  6

43043986
V7O-315
1000 299
2  6

52097922
A1Q-612
1000 738.1
2  6

